﻿Shot Number,Start Frame,Start Timecode,Start Time (seconds),End Frame,End Timecode,End Time (seconds),Length (frames),Length (timecode),Length (seconds),scale_manual
1,1,00:00.0,0,95,00:03.2,3.167,95,00:03.2,3.167,Close Shot
2,97,00:03.2,3.2,157,00:05.2,5.233,61,00:02.0,2.033,Close Shot
3,159,00:05.3,5.267,238,00:07.9,7.933,80,00:02.7,2.667,Extreme Close Shot
4,240,00:08.0,7.967,383,00:12.8,12.767,144,00:04.8,4.8,Full Shot
5,385,00:12.8,12.8,450,00:15.0,15,66,00:02.2,2.2,Medium Shot
6,452,00:15.0,15.033,554,00:18.5,18.467,103,00:03.4,3.433,Close Shot
7,556,00:18.5,18.5,815,00:27.2,27.167,260,00:08.7,8.667,Medium Shot
8,817,00:27.2,27.2,1010,00:33.7,33.667,194,00:06.5,6.467,Close Shot
9,1012,00:33.7,33.7,1058,00:35.3,35.267,47,00:01.6,1.567,Close Shot
10,1060,00:35.3,35.3,1122,00:37.4,37.4,63,00:02.1,2.1,Close Shot
11,1124,00:37.4,37.433,1182,00:39.4,39.4,59,00:02.0,1.967,Extreme Close Shot
12,1184,00:39.4,39.433,1229,00:41.0,40.967,46,00:01.5,1.533,Close Shot
13,1231,00:41.0,41,1439,00:48.0,47.967,209,00:07.0,6.967,Close Shot
14,1441,00:48.0,48,1702,00:56.7,56.733,262,00:08.7,8.733,Close Shot
15,1704,00:56.8,56.767,1786,00:59.5,59.533,83,00:02.8,2.767,Medium Shot
16,1788,00:59.6,59.567,1827,01:00.9,60.9,40,00:01.3,1.333,Close Shot
17,1829,01:00.9,60.933,1896,01:03.2,63.2,68,00:02.3,2.267,Extreme Close Shot
18,1898,01:03.2,63.233,2037,01:07.9,67.9,140,00:04.7,4.667,Close Shot
19,2039,01:07.9,67.933,2188,01:12.9,72.933,150,00:05.0,5,Medium Shot
20,2190,01:13.0,72.967,2244,01:14.8,74.8,55,00:01.8,1.833,Close Shot
21,2246,01:14.8,74.833,2336,01:17.9,77.867,91,00:03.0,3.033,Close Shot
22,2338,01:17.9,77.9,2373,01:19.1,79.1,36,00:01.2,1.2,Extreme Close Shot
23,2375,01:19.1,79.133,2447,01:21.6,81.567,73,00:02.4,2.433,Close Shot
24,2449,01:21.6,81.6,2478,01:22.6,82.6,30,00:01.0,1,Medium Shot
25,2480,01:22.6,82.633,2554,01:25.1,85.133,75,00:02.5,2.5,Close Shot
26,2556,01:25.2,85.167,2679,01:29.3,89.3,124,00:04.1,4.133,Medium Shot
27,2681,01:29.3,89.333,2797,01:33.2,93.233,117,00:03.9,3.9,Close Shot
28,2799,01:33.3,93.267,2866,01:35.5,95.533,68,00:02.3,2.267,Medium Shot
29,2868,01:35.6,95.567,2999,01:40.0,99.967,132,00:04.4,4.4,Close Shot
30,3001,01:40.0,100,3038,01:41.3,101.267,38,00:01.3,1.267,Extreme Close Shot
31,3040,01:41.3,101.3,3118,01:43.9,103.933,79,00:02.6,2.633,Close Shot
32,3120,01:44.0,103.967,3236,01:47.9,107.867,117,00:03.9,3.9,Close Shot
33,3238,01:47.9,107.9,3357,01:51.9,111.9,120,00:04.0,4,Medium Shot
34,3359,01:51.9,111.933,3438,01:54.6,114.6,80,00:02.7,2.667,Extreme Close Shot
35,3440,01:54.6,114.633,3512,01:57.1,117.067,73,00:02.4,2.433,Medium Shot
36,3514,01:57.1,117.1,3686,02:02.9,122.867,173,00:05.8,5.767,Close Shot
37,3688,02:02.9,122.9,3752,02:05.1,125.067,65,00:02.2,2.167,Medium Shot
38,3754,02:05.1,125.1,3899,02:10.0,129.967,146,00:04.9,4.867,Medium Shot
39,3901,02:10.0,130,3929,02:11.0,130.967,29,00:01.0,0.967,Medium Shot
40,3931,02:11.0,131,4089,02:16.3,136.3,159,00:05.3,5.3,Close Shot
41,4091,02:16.3,136.333,4133,02:17.8,137.767,43,00:01.4,1.433,Close Shot
42,4135,02:17.8,137.8,4220,02:20.7,140.667,86,00:02.9,2.867,Medium Shot
43,4222,02:20.7,140.7,4425,02:27.5,147.5,204,00:06.8,6.8,Close Shot
44,4427,02:27.5,147.533,4473,02:29.1,149.1,47,00:01.6,1.567,Extreme Close Shot
45,4475,02:29.1,149.133,4595,02:33.2,153.167,121,00:04.0,4.033,Medium Shot
46,4597,02:33.2,153.2,4805,02:40.2,160.167,209,00:07.0,6.967,Close Shot
47,4807,02:40.2,160.2,4883,02:42.8,162.767,77,00:02.6,2.567,Medium Shot
48,4885,02:42.8,162.8,4995,02:46.5,166.5,111,00:03.7,3.7,Close Shot
49,4997,02:46.5,166.533,5088,02:49.6,169.6,92,00:03.1,3.067,Medium Shot
50,5090,02:49.6,169.633,5185,02:52.8,172.833,96,00:03.2,3.2,Close Shot
51,5187,02:52.9,172.867,5270,02:55.7,175.667,84,00:02.8,2.8,Close Shot
52,5272,02:55.7,175.7,5362,02:58.7,178.733,91,00:03.0,3.033,Close Shot
53,5364,02:58.8,178.767,5424,03:00.8,180.8,61,00:02.0,2.033,Close Shot
54,5426,03:00.8,180.833,5504,03:03.5,183.467,79,00:02.6,2.633,Extreme Close Shot
55,5506,03:03.5,183.5,5690,03:09.7,189.667,185,00:06.2,6.167,Close Shot
56,5692,03:09.7,189.7,5843,03:14.8,194.767,152,00:05.1,5.067,Extreme Close Shot
57,5845,03:14.8,194.8,6100,03:23.3,203.333,256,00:08.5,8.533,Close Shot
58,6102,03:23.4,203.367,6149,03:25.0,204.967,48,00:01.6,1.6,-1
